
=================================
| IO Statistics                 |
|                               |
| Interval size: 0.5 secs       |
| Col 1: Frames and bytes       |
|-------------------------------|
|              |1               |
| Interval     | Frames | Bytes |
|-------------------------------|
|  0.0 <>  0.5 |      3 |   170 |
|  0.5 <>  1.0 |      0 |     0 |
|  1.0 <>  1.5 |     12 | 12492 |
|  1.5 <>  2.0 |     16 | 12448 |
|  2.0 <>  2.5 |     18 | 19796 |
|  2.5 <>  3.0 |     25 | 25966 |
|  3.0 <>  3.5 |     16 | 13288 |
|  3.5 <>  4.0 |      2 |   108 |
|  4.0 <>  4.5 |     10 |  6540 |
|  4.5 <>  5.0 |      0 |     0 |
|  5.0 <>  5.5 |      7 |  7618 |
|  5.5 <>  6.0 |      9 |  9174 |
|  6.0 <>  6.5 |     16 | 16792 |
|  6.5 <>  7.0 |     20 | 21352 |
|  7.0 <>  7.5 |     11 |  9282 |
|  7.5 <>  8.0 |      0 |     0 |
|  8.0 <>  8.5 |      4 |  4560 |
|  8.5 <>  9.0 |     17 | 13950 |
|  9.0 <>  9.5 |     18 | 19796 |
|  9.5 <> 10.0 |     24 | 24464 |
| 10.0 <> 10.5 |     13 | 12286 |
| 10.5 <> 11.0 |     14 | 12340 |
| 11.0 <> 11.5 |      5 |  3166 |
| 11.5 <> 12.0 |      0 |     0 |
| 12.0 <> 12.5 |      4 |  4560 |
| 12.5 <> 13.0 |      0 |     0 |
| 13.0 <> 13.5 |      1 |  1502 |
| 13.5 <> 14.0 |      8 |  7672 |
| 14.0 <> 14.5 |      8 |  9120 |
| 14.5 <> 15.0 |      7 |  6170 |
| 15.0 <> 15.5 |      0 |     0 |
| 15.5 <> 16.0 |      9 |  9174 |
| 16.0 <> 16.5 |     13 | 13734 |
| 16.5 <> 17.0 |     16 | 16792 |
| 17.0 <> 17.5 |     30 | 30580 |
| 17.5 <> 18.0 |     30 | 32028 |
| 18.0 <> 18.5 |     23 | 17170 |
| 18.5 <> 19.0 |     17 | 18294 |
| 19.0 <> 19.5 |     17 | 18294 |
| 19.5 <> 20.0 |     15 | 10946 |
| 20.0 <> 20.5 |     13 | 13734 |
| 20.5 <> 21.0 |      8 |  6224 |
| 21.0 <> 21.5 |     10 | 10676 |
| 21.5 <> 22.0 |     15 | 15290 |
| 22.0 <> 22.5 |     17 | 18294 |
| 22.5 <> 23.0 |     22 | 22908 |
| 23.0 <> 23.5 |     25 | 25966 |
| 23.5 <> 24.0 |     24 | 23016 |
| 24.0 <> 24.5 |     19 | 15506 |
| 24.5 <> 25.0 |     13 | 10838 |
| 25.0 <> 25.5 |     10 | 10676 |
| 25.5 <> 26.0 |     10 |  9228 |
| 26.0 <> 26.5 |      0 |     0 |
| 26.5 <> 27.0 |      1 |  1502 |
| 27.0 <> 27.5 |      3 |  3058 |
| 27.5 <> 28.0 |      0 |     0 |
| 28.0 <> 28.5 |      4 |  4560 |
| 28.5 <> 29.0 |      0 |     0 |
| 29.0 <> 29.5 |      1 |  1502 |
| 29.5 <> 30.0 |      3 |  3058 |
| 30.0 <> 30.5 |     13 | 13734 |
| 30.5 <> 31.0 |     19 | 19850 |
| 31.0 <> 31.5 |     13 | 10838 |
| 31.5 <> 32.0 |     18 | 18348 |
| 32.0 <> 32.5 |     29 | 30526 |
| 32.5 <> 33.0 |     22 | 22908 |
| 33.0 <> 33.5 |     21 | 17062 |
| 33.5 <> 34.0 |     15 | 16738 |
| 34.0 <> 34.5 |     11 |  9282 |
| 34.5 <> 35.0 |     22 | 22908 |
| 35.0 <> 35.5 |     23 | 24410 |
| 35.5 <> 36.0 |     18 | 14004 |
| 36.0 <> 36.5 |     11 | 12178 |
| 36.5 <> 37.0 |     13 | 10838 |
| 37.0 <> 37.5 |     10 | 10676 |
| 37.5 <> 38.0 |     12 | 12232 |
| 38.0 <> 38.5 |      3 |  1610 |
| 38.5 <> 39.1 |      1 |  1502 |
=================================
