
=================================
| IO Statistics                 |
|                               |
| Interval size: 0.5 secs       |
| Col 1: Frames and bytes       |
|-------------------------------|
|              |1               |
| Interval     | Frames | Bytes |
|-------------------------------|
|  0.0 <>  0.5 |      3 |   170 |
|  0.5 <>  1.0 |      0 |     0 |
|  1.0 <>  1.5 |      7 |  7618 |
|  1.5 <>  2.0 |      8 |  9120 |
|  2.0 <>  2.5 |      8 |  9120 |
|  2.5 <>  3.0 |     10 |  4884 |
|  3.0 <>  3.5 |      0 |     0 |
|  3.5 <>  4.0 |      1 |  1502 |
|  4.0 <>  4.5 |      7 |  6170 |
|  4.5 <>  5.0 |      3 |  3058 |
|  5.0 <>  5.5 |      7 |  7618 |
|  5.5 <>  6.0 |      6 |  6116 |
|  6.0 <>  6.5 |     12 | 12232 |
|  6.5 <>  7.0 |      9 |  9174 |
|  7.0 <>  7.5 |     11 |  7834 |
|  7.5 <>  8.0 |     10 | 10676 |
|  8.0 <>  8.5 |      6 |  6116 |
|  8.5 <>  9.0 |      8 |  7672 |
|  9.0 <>  9.5 |      7 |  6170 |
|  9.5 <> 10.0 |      1 |    54 |
| 10.0 <> 10.5 |      1 |  1502 |
| 10.5 <> 11.0 |      5 |  4614 |
| 11.0 <> 11.5 |      5 |  6062 |
| 11.5 <> 12.0 |      8 |  7672 |
| 12.0 <> 12.5 |      3 |  1610 |
| 12.5 <> 13.0 |      1 |  1502 |
| 13.0 <> 13.5 |      3 |  3058 |
| 13.5 <> 14.0 |      1 |    54 |
| 14.0 <> 14.5 |      4 |  4560 |
| 14.5 <> 15.0 |      5 |  4614 |
| 15.0 <> 15.5 |      5 |  6062 |
| 15.5 <> 16.0 |      8 |  7672 |
| 16.0 <> 16.5 |      7 |  7618 |
| 16.5 <> 17.0 |      5 |  3166 |
| 17.0 <> 17.5 |      0 |     0 |
| 17.5 <> 18.0 |      4 |  4560 |
| 18.0 <> 18.5 |      1 |    54 |
| 18.5 <> 19.0 |      1 |  1502 |
| 19.0 <> 19.5 |      6 |  6116 |
| 19.5 <> 20.0 |      3 |  3058 |
| 20.0 <> 20.5 |      6 |  4668 |
| 20.5 <> 21.0 |      0 |     0 |
| 21.0 <> 21.5 |      7 |  7618 |
| 21.5 <> 22.0 |      7 |  7618 |
| 22.0 <> 22.5 |      7 |  6170 |
| 22.5 <> 23.0 |      8 |  9120 |
| 23.0 <> 23.5 |     10 | 10676 |
| 23.5 <> 24.0 |      9 |  9174 |
| 24.0 <> 24.5 |     13 | 13734 |
| 24.5 <> 25.0 |     16 | 16792 |
| 25.0 <> 25.5 |     11 | 10730 |
| 25.5 <> 26.0 |     13 |  9390 |
| 26.0 <> 26.5 |     13 | 13734 |
| 26.5 <> 27.0 |      6 |  6116 |
| 27.0 <> 27.5 |     13 | 13734 |
| 27.5 <> 28.0 |     13 | 13734 |
| 28.0 <> 28.5 |     19 | 19850 |
| 28.5 <> 29.0 |     14 | 10892 |
| 29.0 <> 29.5 |     12 | 10784 |
| 29.5 <> 30.0 |     11 | 12178 |
| 30.0 <> 30.5 |      7 |  4722 |
| 30.5 <> 31.0 |      0 |     0 |
| 31.0 <> 31.5 |      1 |  1502 |
| 31.5 <> 32.0 |      3 |  3058 |
| 32.0 <> 32.5 |      0 |     0 |
| 32.5 <> 33.0 |      4 |  4560 |
| 33.0 <> 33.5 |      4 |  4560 |
| 33.5 <> 34.0 |      5 |  3166 |
| 34.0 <> 34.5 |      0 |     0 |
| 34.5 <> 35.0 |      4 |  4560 |
| 35.0 <> 35.5 |      1 |    54 |
| 35.5 <> 36.0 |      1 |  1502 |
| 36.0 <> 36.5 |      3 |  3058 |
| 36.5 <> 37.0 |      7 |  7618 |
| 37.0 <> 37.5 |      7 |  6170 |
| 37.5 <> 38.0 |      8 |  9120 |
| 38.0 <> 38.5 |      7 |  4722 |
| 38.5 <> 39.0 |      6 |  6116 |
| 39.0 <> 39.5 |      8 |  4776 |
| 39.5 <> 40.0 |      1 |    54 |
| 40.0 <> 40.5 |      1 |  1502 |
| 40.5 <> 41.0 |      7 |  7618 |
| 41.0 <> 41.5 |      5 |  4614 |
| 41.5 <> 42.0 |      7 |  7618 |
| 42.0 <> 42.5 |      9 |  9174 |
| 42.5 <> 43.0 |      7 |  4722 |
| 43.0 <> 43.5 |      1 |    54 |
| 43.5 <> 44.0 |      0 |     0 |
| 44.0 <> 44.5 |      1 |  1502 |
| 44.5 <> 45.0 |      4 |  3112 |
| 45.0 <> 45.5 |      0 |     0 |
| 45.5 <> 46.0 |      4 |  4560 |
| 46.0 <> 46.5 |      7 |  7618 |
| 46.5 <> 47.0 |      8 |  7672 |
| 47.0 <> 47.5 |      6 |  4668 |
| 47.5 <> 48.0 |      1 |    54 |
| 48.0 <> 48.5 |      3 |  3058 |
| 48.5 <> 49.0 |     11 | 12178 |
| 49.0 <> 49.5 |     15 | 15290 |
| 49.5 <> 50.0 |     18 | 18348 |
| 50.0 <> 50.6 |     18 | 18348 |
=================================
