
=================================
| IO Statistics                 |
|                               |
| Interval size: 0.5 secs       |
| Col 1: Frames and bytes       |
|-------------------------------|
|              |1               |
| Interval     | Frames | Bytes |
|-------------------------------|
|  0.0 <>  0.5 |      3 |   170 |
|  0.5 <>  1.0 |      0 |     0 |
|  1.0 <>  1.5 |      4 |  4560 |
|  1.5 <>  2.0 |      4 |  4560 |
|  2.0 <>  2.5 |      3 |  3058 |
|  2.5 <>  3.0 |      4 |  4560 |
|  3.0 <>  3.5 |      7 |  7618 |
|  3.5 <>  4.0 |      4 |  1664 |
|  4.0 <>  4.5 |      1 |    54 |
|  4.5 <>  5.0 |      0 |     0 |
|  5.0 <>  5.5 |      0 |     0 |
|  5.5 <>  6.0 |      0 |     0 |
|  6.0 <>  6.5 |      1 |  1502 |
|  6.5 <>  7.0 |      3 |  3058 |
|  7.0 <>  7.5 |      0 |     0 |
|  7.5 <>  8.0 |      1 |    54 |
|  8.0 <>  8.5 |      0 |     0 |
|  8.5 <>  9.0 |      1 |  1502 |
|  9.0 <>  9.5 |      3 |  3058 |
|  9.5 <> 10.0 |      1 |    54 |
| 10.0 <> 10.5 |      0 |     0 |
| 10.5 <> 11.0 |      1 |  1502 |
| 11.0 <> 11.5 |      0 |     0 |
| 11.5 <> 12.0 |      0 |     0 |
| 12.0 <> 12.5 |      0 |     0 |
| 12.5 <> 13.0 |      0 |     0 |
| 13.0 <> 13.5 |      0 |     0 |
| 13.5 <> 14.0 |      0 |     0 |
| 14.0 <> 14.5 |      0 |     0 |
| 14.5 <> 15.0 |      1 |  1502 |
| 15.0 <> 15.5 |      0 |     0 |
| 15.5 <> 16.0 |      0 |     0 |
| 16.0 <> 16.5 |      0 |     0 |
| 16.5 <> 17.0 |      0 |     0 |
| 17.0 <> 17.5 |      0 |     0 |
| 17.5 <> 18.0 |      0 |     0 |
| 18.0 <> 18.5 |      0 |     0 |
| 18.5 <> 19.0 |      0 |     0 |
| 19.0 <> 19.5 |      0 |     0 |
| 19.5 <> 20.0 |      0 |     0 |
| 20.0 <> 20.5 |      0 |     0 |
| 20.5 <> 21.0 |      0 |     0 |
| 21.0 <> 21.5 |      0 |     0 |
| 21.5 <> 22.0 |      1 |  1502 |
| 22.0 <> 22.5 |      0 |     0 |
| 22.5 <> 23.0 |      0 |     0 |
| 23.0 <> 23.5 |      0 |     0 |
| 23.5 <> 24.0 |      0 |     0 |
| 24.0 <> 24.5 |      0 |     0 |
| 24.5 <> 25.0 |      0 |     0 |
| 25.0 <> 25.5 |      0 |     0 |
| 25.5 <> 26.0 |      0 |     0 |
| 26.0 <> 26.5 |      0 |     0 |
| 26.5 <> 27.0 |      0 |     0 |
| 27.0 <> 27.5 |      0 |     0 |
| 27.5 <> 28.0 |      0 |     0 |
| 28.0 <> 28.5 |      0 |     0 |
| 28.5 <> 29.0 |      0 |     0 |
| 29.0 <> 29.5 |      0 |     0 |
| 29.5 <> 30.0 |      0 |     0 |
| 30.0 <> 30.5 |      0 |     0 |
| 30.5 <> 31.0 |      0 |     0 |
| 31.0 <> 31.5 |      0 |     0 |
| 31.5 <> 32.0 |      0 |     0 |
| 32.0 <> 32.5 |      0 |     0 |
| 32.5 <> 33.0 |      0 |     0 |
| 33.0 <> 33.5 |      0 |     0 |
| 33.5 <> 34.0 |      0 |     0 |
| 34.0 <> 34.5 |      0 |     0 |
| 34.5 <> 35.0 |      0 |     0 |
| 35.0 <> 35.5 |      0 |     0 |
| 35.5 <> 36.0 |      0 |     0 |
| 36.0 <> 36.5 |      1 |  1502 |
| 36.5 <> 37.0 |      0 |     0 |
| 37.0 <> 37.5 |      0 |     0 |
| 37.5 <> 38.0 |      0 |     0 |
| 38.0 <> 38.5 |      0 |     0 |
| 38.5 <> 39.0 |      0 |     0 |
=================================
