
=================================
| IO Statistics                 |
|                               |
| Interval size: 0.5 secs       |
| Col 1: Frames and bytes       |
|-------------------------------|
|              |1               |
| Interval     | Frames | Bytes |
|-------------------------------|
|  0.0 <>  0.5 |      3 |   170 |
|  0.5 <>  1.0 |      0 |     0 |
|  1.0 <>  1.5 |     12 | 13680 |
|  1.5 <>  2.0 |     12 | 10784 |
|  2.0 <>  2.5 |      1 |    54 |
|  2.5 <>  3.0 |      0 |     0 |
|  3.0 <>  3.5 |     10 |  9228 |
|  3.5 <>  4.0 |     11 | 12178 |
|  4.0 <>  4.5 |      8 |  6224 |
|  4.5 <>  5.0 |      0 |     0 |
|  5.0 <>  5.5 |      4 |  4560 |
|  5.5 <>  6.0 |      1 |    54 |
|  6.0 <>  6.5 |      4 |  4560 |
|  6.5 <>  7.0 |     10 | 10676 |
|  7.0 <>  7.5 |     13 | 13734 |
|  7.5 <>  8.0 |     19 | 19850 |
|  8.0 <>  8.5 |     22 | 22908 |
|  8.5 <>  9.0 |      6 |  1772 |
|  9.0 <>  9.5 |      0 |     0 |
|  9.5 <> 10.0 |      4 |  4560 |
| 10.0 <> 10.5 |      7 |  7618 |
| 10.5 <> 11.0 |     10 | 10676 |
| 11.0 <> 11.5 |      4 |  1664 |
| 11.5 <> 12.0 |      0 |     0 |
| 12.0 <> 12.5 |      8 |  9120 |
| 12.5 <> 13.0 |      1 |    54 |
| 13.0 <> 13.5 |      4 |  4560 |
| 13.5 <> 14.0 |     11 | 10730 |
| 14.0 <> 14.5 |     10 | 10676 |
| 14.5 <> 15.0 |      6 |  4668 |
| 15.0 <> 15.5 |      0 |     0 |
| 15.5 <> 16.0 |      6 |  6116 |
| 16.0 <> 16.5 |      6 |  6116 |
| 16.5 <> 17.0 |      1 |  1502 |
| 17.0 <> 17.5 |      1 |  1502 |
| 17.5 <> 18.0 |      3 |  3058 |
| 18.0 <> 18.5 |     10 | 10676 |
| 18.5 <> 19.0 |     16 | 16792 |
| 19.0 <> 19.5 |      7 |  4722 |
| 19.5 <> 20.0 |      0 |     0 |
| 20.0 <> 20.5 |      1 |  1502 |
| 20.5 <> 21.0 |      0 |     0 |
| 21.0 <> 21.5 |      0 |     0 |
| 21.5 <> 22.0 |      0 |     0 |
| 22.0 <> 22.5 |      4 |  4560 |
| 22.5 <> 23.0 |     10 | 10676 |
| 23.0 <> 23.5 |      5 |  4614 |
| 23.5 <> 24.0 |      1 |    54 |
| 24.0 <> 24.5 |      4 |  4560 |
| 24.5 <> 25.0 |      6 |  6116 |
| 25.0 <> 25.5 |     13 | 13734 |
| 25.5 <> 26.0 |     13 | 13734 |
| 26.0 <> 26.5 |     28 | 29024 |
| 26.5 <> 27.0 |     32 | 32136 |
| 27.0 <> 27.5 |     25 | 27414 |
| 27.5 <> 28.0 |     32 | 32136 |
| 28.0 <> 28.5 |     31 | 32082 |
| 28.5 <> 29.0 |     31 | 32082 |
| 29.0 <> 29.5 |     32 | 32136 |
| 29.5 <> 30.0 |     28 | 20336 |
| 30.0 <> 30.5 |     14 | 13572 |
| 30.5 <> 31.0 |      1 |    54 |
| 31.0 <> 31.5 |     23 | 14690 |
| 31.5 <> 32.0 |      1 |    54 |
| 32.0 <> 32.5 |      0 |     0 |
| 32.5 <> 33.0 |      5 |  4614 |
| 33.0 <> 33.5 |      0 |     0 |
| 33.5 <> 34.0 |      6 |  6116 |
| 34.0 <> 34.5 |      6 |  4668 |
| 34.5 <> 35.0 |      0 |     0 |
| 35.0 <> 35.5 |     13 | 13734 |
| 35.5 <> 36.0 |     12 | 12232 |
| 36.0 <> 36.5 |     25 | 25966 |
| 36.5 <> 37.0 |     15 | 12394 |
| 37.0 <> 37.5 |     13 | 13734 |
| 37.5 <> 38.0 |     16 | 16792 |
| 38.0 <> 38.5 |     24 | 24464 |
| 38.5 <> 39.0 |     30 | 30580 |
| 39.0 <> 39.5 |     33 | 32190 |
| 39.5 <> 40.3 |     32 | 32136 |
=================================
