
=================================
| IO Statistics                 |
|                               |
| Interval size: 0.5 secs       |
| Col 1: Frames and bytes       |
|-------------------------------|
|              |1               |
| Interval     | Frames | Bytes |
|-------------------------------|
|  0.0 <>  0.5 |      3 |   170 |
|  0.5 <>  1.0 |      0 |     0 |
|  1.0 <>  1.5 |     10 | 10676 |
|  1.5 <>  2.0 |     12 | 12232 |
|  2.0 <>  2.5 |      0 |     0 |
|  2.5 <>  3.0 |      8 |  7672 |
|  3.0 <>  3.5 |     11 | 10730 |
|  3.5 <>  4.0 |     20 | 21352 |
|  4.0 <>  4.5 |     21 | 21406 |
|  4.5 <>  5.0 |     31 | 32082 |
|  5.0 <>  5.5 |     32 | 30816 |
|  5.5 <>  6.0 |     32 | 20812 |
|  6.0 <>  6.5 |     18 | 10076 |
|  6.5 <>  7.0 |      1 |    54 |
|  7.0 <>  7.5 |     21 | 14426 |
|  7.5 <>  8.0 |     13 | 12286 |
|  8.0 <>  8.5 |     11 | 12178 |
|  8.5 <>  9.0 |      6 |  3220 |
|  9.0 <>  9.5 |      0 |     0 |
|  9.5 <> 10.0 |     10 | 10676 |
| 10.0 <> 10.5 |     10 | 10676 |
| 10.5 <> 11.0 |     16 | 16792 |
| 11.0 <> 11.5 |     21 | 21406 |
| 11.5 <> 12.0 |     31 | 32082 |
| 12.0 <> 12.5 |     29 | 30526 |
| 12.5 <> 13.0 |      5 |   866 |
| 13.0 <> 13.5 |     41 | 23110 |
| 13.5 <> 14.0 |     32 | 16780 |
| 14.0 <> 14.5 |     20 | 17008 |
| 14.5 <> 15.0 |     21 | 17062 |
| 15.0 <> 15.5 |     18 | 16856 |
| 15.5 <> 16.0 |      0 |     0 |
| 16.0 <> 16.5 |     33 | 21178 |
| 16.5 <> 17.0 |     31 | 16622 |
| 17.0 <> 17.5 |      0 |     0 |
| 17.5 <> 18.0 |      4 |  4560 |
| 18.0 <> 18.5 |      0 |     0 |
| 18.5 <> 19.0 |      1 |  1502 |
| 19.0 <> 19.5 |     11 | 10730 |
| 19.5 <> 20.0 |     19 | 18402 |
| 20.0 <> 20.5 |     20 | 21352 |
| 20.5 <> 21.0 |     25 | 25966 |
| 21.0 <> 21.5 |     22 | 18564 |
| 21.5 <> 22.0 |     23 | 22962 |
| 22.0 <> 22.5 |     11 |  7834 |
| 22.5 <> 23.0 |      0 |     0 |
| 23.0 <> 23.5 |      3 |  3058 |
| 23.5 <> 24.0 |      8 |  9120 |
| 24.0 <> 24.5 |     16 | 16792 |
| 24.5 <> 25.0 |     12 |  9336 |
| 25.0 <> 25.5 |     10 | 10676 |
| 25.5 <> 26.0 |     13 | 13734 |
| 26.0 <> 26.5 |      3 |   162 |
| 26.5 <> 27.0 |      1 |  1502 |
| 27.0 <> 27.5 |      7 |  6170 |
| 27.5 <> 28.0 |      0 |     0 |
| 28.0 <> 28.5 |      1 |  1502 |
| 28.5 <> 29.0 |      0 |     0 |
| 29.0 <> 29.5 |      0 |     0 |
| 29.5 <> 30.0 |      0 |     0 |
| 30.0 <> 30.5 |      4 |  4560 |
| 30.5 <> 31.0 |     15 | 15290 |
| 31.0 <> 31.5 |      8 |  7672 |
| 31.5 <> 32.0 |      0 |     0 |
| 32.0 <> 32.5 |      4 |  4560 |
| 32.5 <> 33.0 |      7 |  6170 |
| 33.0 <> 33.5 |     10 | 10676 |
| 33.5 <> 34.0 |     19 | 19850 |
| 34.0 <> 34.5 |     12 |  9336 |
| 34.5 <> 35.0 |      0 |     0 |
| 35.0 <> 35.5 |      4 |  4560 |
| 35.5 <> 36.0 |      0 |     0 |
| 36.0 <> 36.5 |      1 |  1502 |
| 36.5 <> 37.0 |      5 |  4614 |
| 37.0 <> 37.5 |     11 | 12178 |
| 37.5 <> 38.0 |      7 |  7618 |
| 38.0 <> 38.5 |      3 |  1610 |
| 38.5 <> 39.0 |      0 |     0 |
=================================
